4.0535 1.60066351733
4.0545 1.60068632149
4.0555 1.60070937953
4.0565 1.60073269495
4.0575 1.60075627127
4.0585 1.6007801121
4.0595 1.6008042211
4.0605 1.60082860197
4.0615 1.60085325851
4.0625 1.60087819454
4.0635 1.60092743948
4.0645 1.6009970183
4.0655 1.60106739688
4.0665 1.60113858652
4.0675 1.60121059873
4.0685 1.60128344519
4.0695 1.6013571378
4.0705 1.60143168865
4.0715 1.60150711005
4.0725 1.6015882529
4.0735 1.60171415326
4.0745 1.60184154328
4.0755 1.60197044463
4.0765 1.60210087934
4.0775 1.60223286982
4.0785 1.6023664389
4.0795 1.60250160977
4.0805 1.60263840608
4.0815 1.60277685186
4.0825 1.60295199507
4.0835 1.60314824456
4.0845 1.60334689212
4.0855 1.60354797374
4.0865 1.60375152605
4.0875 1.60395758633
4.0885 1.60416619257
4.0895 1.60437738343
4.0905 1.60459119827
4.0915 1.60481960341
4.0925 1.60509887554
4.0935 1.60538166492
4.0945 1.60566802591
4.0955 1.60595801388
4.0965 1.60625168525
4.0975 1.60654909747
4.0985 1.6068503091
4.0995 1.60715537977
4.1005 1.60746437028
4.1015 1.60782716506
4.1025 1.60821138524
4.1035 1.60860061107
4.1045 1.6089949226
4.1055 1.60939440139
4.1065 1.60979913059
4.1075 1.61020919494
4.1085 1.61062468086
4.1095 1.61104567643
4.1105 1.61149433898
4.1115 1.61200084317
4.1125 1.61251415977
4.1135 1.61303440119
4.1145 1.61356168209
4.1155 1.61409611939
4.1165 1.61463783239
4.1175 1.61518694274
4.1185 1.61574357458
4.1195 1.61630785454
4.1205 1.61694968582
4.1215 1.61761283231
4.1225 1.61828522353
4.1235 1.61896701765
4.1245 1.61965837607
4.1255 1.62035946358
4.1265 1.62107044835
4.1275 1.62179150207
4.1285 1.62252280004
4.1295 1.62330094651
4.1305 1.62414529114
4.1315 1.62500181115
4.1325 1.625870722
4.1335 1.62675224377
4.1345 1.62764660126
4.1355 1.62855402409
4.1365 1.62947474682
4.1375 1.63040900914
4.1385 1.63135705591
4.1395 1.63241597618
4.1405 1.63349584002
4.1415 1.63459188125
4.1425 1.63570439748
4.1435 1.63683369294
4.1445 1.63798007861
4.1455 1.63914387246
4.1465 1.64032539959
4.1475 1.64152499242
4.1485 1.64279970949
4.1495 1.64415128788
4.1505 1.64552385774
4.1515 1.64691781958
4.1525 1.64833358313
4.1535 1.64977156757
4.1545 1.65123220183
4.1555 1.65271592483
4.1565 1.65422318577
4.1575 1.6557607682
4.1585 1.65744410361
4.1595 1.65915457586
4.1605 1.66089272261
4.1615 1.66265909439
4.1625 1.66445425491
4.1635 1.66627878153
4.1645 1.66813326554
4.1655 1.67001831263
4.1665 1.67193454329
4.1675 1.67396814666
4.1685 1.67609330144
4.1695 1.67825419772
4.1705 1.68045157499
4.1715 1.68268619118
4.1725 1.68495882326
4.1735 1.68727026775
4.1745 1.68962134135
4.1755 1.69201288152
4.1765 1.69446971909
4.1775 1.69710633073
4.1785 1.69978910216
4.1795 1.70251902813
4.1805 1.7052971293
4.1815 1.70812445298
4.1825 1.71100207399
4.1835 1.71393109549
4.1845 1.71691264985
4.1855 1.7199478996
4.1865 1.72316503868
4.1875 1.72649577919
4.1885 1.7298875662
4.1895 1.73334177843
4.1905 1.73685983221
4.1915 1.74044318269
4.1925 1.74409332502
4.1935 1.74781179575
4.1945 1.75160017407
4.1955 1.75551127339
4.1965 1.75965181254
4.1975 1.76387161703
4.1985 1.768172558
4.1995 1.77255655988
4.2005 1.77702560222
4.2015 1.78158172147
4.2025 1.78622701297
4.2035 1.79096363294
4.2045 1.79579380051
4.2055 1.80090744417
4.2065 1.80617085305
4.2075 1.81154018113
4.2085 1.81701805939
4.2095 1.82260719765
4.2105 1.8283103873
4.2115 1.83413050423
4.2125 1.8400705118
4.2135 1.84613346396
4.2145 1.85241599904
4.2155 1.85900571331
4.2165 1.86573449023
4.2175 1.87260595399
4.2185 1.87962384265
4.2195 1.88679201225
4.2205 1.8941144412
4.2215 1.90159523481
4.2225 1.90923863004
4.2235 1.91704900044
4.2245 1.92530945034
4.2255 1.93378434247
4.2265 1.9424481386
4.2275 1.95130604213
4.2285 1.96036342889
4.2295 1.96962585385
4.2305 1.97909905812
4.2315 1.98878897612
4.2325 1.99870174328
4.2335 2.00900419558
4.2345 2.0197454142
4.2355 2.03073886542
4.2365 2.04199186849
4.2375 2.05351199775
4.2385 2.06530709286
4.2395 2.07738526967
4.2405 2.08975493152
4.2415 2.10242478103
4.2425 2.11540383249
4.2435 2.12912092789
4.2445 2.14317818283
4.2455 2.15758601528
4.2465 2.1723552252
4.2475 2.18749701076
4.2485 2.2030229853
4.2495 2.2189451951
4.2505 2.23527613805
4.2515 2.25202878314
4.2525 2.26948648243
4.2535 2.28762571891
4.2545 2.30624398301
4.2555 2.32535687858
4.2565 2.3449806151
4.2575 2.36513203461
4.2585 2.38582864008
4.2595 2.40708862506
4.2605 2.42893090486
4.2615 2.45143305004
4.2625 2.47508913357
4.2635 2.49940833642
4.2645 2.52441352576
4.2655 2.55012850216
4.2665 2.57657804295
4.2675 2.60378794755
4.2685 2.63178508524
4.2695 2.66059744522
4.2705 2.69025418931
4.2715 2.72124207693
4.2725 2.75340271517
4.2735 2.78652862433
4.2745 2.82065526759
4.2755 2.85581963343
4.2765 2.89206030859
4.2775 2.92941755478
4.2785 2.96793338914
4.2795 3.00765166872
4.2805 3.04878763366
4.2815 3.09191696651
4.2825 3.13642579424
4.2835 3.1823676959
4.2845 3.2297986478
4.2855 3.27877713921
4.2865 3.32936429359
4.2875 3.38162399529
4.2885 3.43562302209
4.2895 3.49143118356
4.2905 3.5499144239
4.2915 3.610659274
4.2925 3.67348861819
4.2935 3.73848801995
4.2945 3.80574696529
4.2955 3.87535904357
4.2965 3.94742213462
4.2975 4.02203860187
4.2985 4.09931549112
4.2995 4.17975882321
4.3005 4.26405004703
4.3015 4.35141517072
4.3025 4.44198508454
4.3035 4.53589657704
4.3045 4.63329256105
4.3055 4.73432229857
4.3065 4.83914162271
4.3075 4.94791315398
4.3085 5.06080650821
4.3095 5.17944329395
4.3105 5.30289646145
4.3115 5.43111325468
4.3125 5.56429760042
4.3135 5.70266141541
4.3145 5.84642467336
4.3155 5.99581542208
4.3165 6.15106974068
4.3175 6.31243162529
4.3185 6.48102759513
4.3195 6.65763668831
4.3205 6.84125309088
4.3215 7.0321557432
4.3225 7.23062959433
4.3235 7.43696470614
4.3245 7.65145514454
4.3255 7.87439762754
4.3265 8.10608989669
4.3275 8.34682877543
4.3285 8.59970033592
4.3295 8.86251089463
4.3305 9.13540441884
4.3315 9.41865530954
4.3325 9.71252132121
4.3335 10.0172387931
4.3345 10.3330172485
4.3355 10.6600333215
4.3365 10.9984239749
4.3375 11.350218516
4.3385 11.7156188188
4.3395 12.0927178963
4.3405 12.4814192922
4.3415 12.8815414976
4.3425 13.2928068803
4.3435 13.7148301784
4.3445 14.1471067459
4.3455 14.5890007923
4.3465 15.0399876404
4.3475 15.5038413924
4.3485 15.9747732047
4.3495 16.451517032
4.3505 16.9326276248
4.3515 17.4164771293
4.3525 17.9012550912
4.3535 18.3849724971
4.3545 18.8654704552
4.3555 19.3404340367
4.3565 19.8113019705
4.3575 20.2743943835
4.3585 20.7245028966
4.3595 21.1589184412
4.3605 21.5749265947
4.3615 21.9698535192
4.3625 22.3411149954
4.3635 22.6862671133
4.3645 23.0030569536
4.3655 23.2905744141
4.3665 23.5522747569
4.3675 23.7805060729
4.3685 23.9741869208
4.3695 24.1326172818
4.3705 24.255493826
4.3715 24.3429152101
4.3725 24.3953773462
4.3735 24.4137590604
4.3745 24.3992989978
4.3755 24.3586758595
4.3765 24.2907000907
4.3775 24.1952499836
4.3785 24.0746259353
4.3795 23.9312952832
4.3805 23.7678483344
4.3815 23.586956246
4.3825 23.3913318573
4.3835 23.1836942965
4.3845 22.9683744983
4.3855 22.7511464396
4.3865 22.5295856919
4.3875 22.3061750671
4.3885 22.0832961934
4.3895 21.8632194527
4.3905 21.648096854
4.3915 21.4399571423
4.3925 21.2407023773
4.3935 21.0521051732
4.3945 20.8802916173
4.3955 20.7232479933
4.3965 20.5812126985
4.3975 20.455413465
4.3985 20.3469150606
4.3995 20.2566019353
4.4005 20.1851555286
4.4015 20.1330256379
4.4025 20.1003955083
4.4035 20.0889426024
4.4045 20.0996884018
4.4055 20.1283938334
4.4065 20.1737315279
4.4075 20.2338631034
4.4085 20.3063946754
4.4095 20.3883455948
4.4105 20.4761379627
4.4115 20.565615106
4.4125 20.6520969237
4.4135 20.7350436151
4.4145 20.8049824573
4.4155 20.8559161792
4.4165 20.8824883731
4.4175 20.8797265915
4.4185 20.84329799
4.4195 20.7697454339
4.4205 20.6566798791
4.4215 20.5029081072
4.4225 20.310623706
4.4235 20.0814355302
4.4245 19.8150180297
4.4255 19.5146357327
4.4265 19.1842646705
4.4275 18.8283562674
4.4285 18.4516036256
4.4295 18.0587283657
4.4305 17.6543006768
4.4315 17.2425993379
4.4325 16.8312110667
4.4335 16.4196309663
4.4345 16.0108290716
4.4355 15.6073024662
4.4365 15.2110953732
4.4375 14.8238329081
4.4385 14.4467630192
4.4395 14.080802231
4.4405 13.7265819009
4.4415 13.3860061103
4.4425 13.0588462751
4.4435 12.743861093
4.4445 12.4409612293
4.4455 12.1499553767
4.4465 11.8705741636
4.4475 11.6024901961
4.4485 11.3453346401
4.4495 11.0987107682
4.4505 10.8624130325
4.4515 10.6376152031
4.4525 10.4219697699
4.4535 10.2150652552
4.4545 10.0164975356
4.4555 9.82587284744
4.4565 9.64280995395
4.4575 9.46694163823
4.4585 9.29791566196
4.4595 9.13539530257
4.4605 8.98009168901
4.4615 8.83115473671
4.4625 8.68772873454
4.4635 8.549543583
4.4645 8.41634345635
4.4655 8.28788627995
4.4665 8.16394316031
4.4675 8.04429778722
4.4685 7.92874582296
4.4695 7.81735226286
4.4705 7.71067320562
4.4715 7.60748331345
4.4725 7.50762315042
4.4735 7.4109421263
4.4745 7.31729798217
4.4755 7.22655629978
4.4765 7.13859003535
4.4775 7.05327907804
4.4785 6.97050983265
4.4795 6.8909646174
4.4805 6.81397782794
4.4815 6.73918641256
4.4825 6.66650105766
4.4835 6.59583711176
4.4845 6.5271143058
4.4855 6.46025649101
4.4865 6.39519139357
4.4875 6.33185038487
4.4885 6.27043759624
4.4895 6.21122879345
4.4905 6.15352619207
4.4915 6.09727508652
4.4925 6.04242340194
4.4935 5.98892154427
4.4945 5.93672225994
4.4955 5.88578050452
4.4965 5.83605331969
4.4975 5.78749971803
4.4985 5.74073078955
4.4995 5.6951503124
4.5005 5.65060689049
4.5015 5.60706735102
4.5025 5.56449997221
4.5035 5.52287440737
4.5045 5.48216161365
4.5055 5.44233378503
4.5065 5.40336428941
4.5075 5.36549675029
4.5085 5.32882698514
4.5095 5.29292229709
4.5105 5.25776090573
4.5115 5.22332191187
4.5125 5.18958525535
4.5135 5.15653167533
4.5145 5.12414267288
4.5155 5.09240047562
4.5165 5.06128800444
4.5175 5.031349572
4.5185 5.00202220578
4.5195 4.97326134585
4.5205 4.94505291977
4.5215 4.91738338748
4.5225 4.89023971864
4.5235 4.86360937121
4.5245 4.83748027115
4.5255 4.81184079324
4.5265 4.78694522809
4.5275 4.76277257196
4.5285 4.73904391077
4.5295 4.71574966409
4.5305 4.69288060408
4.5315 4.67042784244
4.5325 4.64838281798
4.5335 4.6267372849
4.5345 4.60548330172
4.5355 4.58463731695
4.5365 4.56461968613
4.5375 4.54496029111
4.5385 4.52565264945
4.5395 4.50669052505
4.5405 4.4880679208
4.5415 4.46977907154
4.5425 4.45181843754
4.5435 4.43418069833
4.5445 4.41686074685
4.5455 4.40011539571
4.5465 4.38384511391
4.5475 4.36786927337
4.5485 4.3521838438
4.5495 4.33678497693
4.5505 4.32166900305
4.5515 4.30683242791
4.5525 4.2922719299
4.5535 4.27798435747
4.5545 4.26402712788
4.5555 4.25067465537
4.5565 4.23757875456
4.5575 4.22473716592
4.5585 4.21214778565
4.5595 4.19980866496
4.5605 4.18771800974
4.5615 4.17587418045
4.5625 4.16427569229
4.5635 4.15292121563
4.5645 4.14206940795
4.5655 4.1315650693
4.5665 4.1212951581
4.5675 4.11125917232
4.5685 4.10145676767
4.5695 4.09188776005
4.5705 4.0825521284
4.5715 4.07345001775
4.5725 4.06458174277
4.5735 4.0560348852
4.5745 4.04798075863
4.5755 4.04015694158
4.5765 4.03256464707
4.5775 4.0252052787
4.5785 4.01808043689
4.5795 4.01119192571
4.5805 4.0045417602
4.5815 3.99813217429
4.5825 3.99196562936
4.5835 3.98630673875
4.5845 3.98095788251
4.5855 3.97585648025
4.5865 3.97100616775
4.5875 3.96641086091
4.5885 3.96207476925
4.5895 3.95800241039
4.5905 3.95419862565
4.5915 3.95066859675
4.5925 3.94752748181
4.5935 3.94487268986
4.5945 3.94250590281
4.5955 3.94043402378
4.5965 3.93866440144
4.5975 3.93720485619
4.5985 3.93606370819
4.5995 3.93524980766
4.6005 3.93477256744
4.6015 3.93464199808
4.6025 3.93514026187
4.6035 3.9360349014
4.6045 3.93730783778
4.6055 3.93897206589
4.6065 3.94104140374
4.6075 3.94353054857
4.6085 3.94645513743
4.6095 3.9498318128
4.6105 3.95367829369
4.6115 3.95814689832
4.6125 3.96328636138
4.6135 3.96895480655
4.6145 3.97517532076
4.6155 3.98197253213
4.6165 3.98937272707
4.6175 3.99740397766
4.6185 4.0060962803
4.6195 4.01548170675
4.6205 4.02559456872
4.6215 4.03676865744
4.6225 4.04874650242
4.6235 4.0615705826
4.6245 4.07528645592
4.6255 4.08994301589
4.6265 4.10559277212
4.6275 4.12229215688
4.6285 4.14010186029
4.6295 4.1590871968
4.6305 4.17948700721
4.6315 4.20134836185
4.6325 4.22461608723
4.6335 4.24937888472
4.6345 4.27573252588
4.6355 4.30378047706
4.6365 4.33363457903
4.6375 4.36541578479
4.6385 4.39925495853
4.6395 4.43532655995
4.6405 4.47404983436
4.6415 4.51529869094
4.6425 4.55925374359
4.6435 4.60611052809
4.6445 4.65608065854
4.6455 4.70939301056
4.6465 4.7662949051
4.6475 4.82705325525
4.6485 4.89195562313
4.6495 4.96155667728
4.6505 5.03608543951
4.6515 5.11576708316
4.6525 5.20097902154
4.6535 5.29211970486
4.6545 5.38960633028
4.6555 5.49387101424
4.6565 5.60535490678
4.6575 5.72449958959
4.6585 5.85182816217
4.6595 5.9880372554
4.6605 6.13311684298
4.6615 6.28733988562
4.6625 6.45086083906
4.6635 6.62366719638
4.6645 6.80551943376
4.6655 6.99587849361
4.6665 7.19382097562
4.6675 7.39794398224
4.6685 7.60674422765
4.6695 7.81727465871
4.6705 8.02595766187
4.6715 8.22856207489
4.6725 8.42005944169
4.6735 8.59471976425
4.6745 8.74631489572
4.6755 8.8684424301
4.6765 8.95496357505
4.6775 9.00075246867
4.6785 9.00207492319
4.6795 8.95613037396
4.6805 8.86276256083
4.6815 8.72401784727
4.6825 8.54399136646
4.6835 8.32844713104
4.6845 8.08428106766
4.6855 7.81892101633
4.6865 7.53975709562
4.6875 7.25415980267
4.6885 6.96772198892
4.6895 6.68539039514
4.6905 6.41113429304
4.6915 6.14789741113
4.6925 5.89770338103
4.6935 5.66179398597
4.6945 5.44077691081
4.6955 5.23476725258
4.6965 5.04364975021
4.6975 4.86695510553
4.6985 4.70378724946
4.6995 4.55336070625
4.7005 4.41483569245
4.7015 4.28735590716
4.7025 4.17007536987
4.7035 4.06217670407
4.7045 3.96288290634
4.7055 3.87146426943
4.7065 3.78744157714
4.7075 3.70998205558
4.7085 3.63850005297
4.7095 3.57246952267
4.7105 3.51141045491
4.7115 3.45488587755
4.7125 3.40249868109
4.7135 3.35388841834
4.7145 3.30872817942
4.7155 3.26679992589
4.7165 3.22782864961
4.7175 3.19149111952
4.7185 3.15756734439
4.7195 3.12585778072
4.7205 3.09618134014
4.7215 3.06837358211
4.7225 3.04228507978
4.7235 3.01777994577
4.7245 2.9947409125
4.7255 2.97316806822
4.7265 2.95283487236
4.7275 2.93364795901
4.7285 2.91552204146
4.7295 2.89837913935
4.7305 2.88214788461
4.7315 2.86676289807
4.7325 2.85216422937
4.7335 2.83829685349
4.7345 2.82517602908
4.7355 2.81273088401
4.7365 2.80087430882
4.7375 2.78956705755
4.7385 2.77877293762
4.7395 2.76845854201
4.7405 2.75859300724
4.7415 2.74914779457
4.7425 2.74009649193
4.7435 2.73142950032
4.7445 2.72319225522
4.7455 2.71527862246
4.7465 2.70766916446
4.7475 2.70034581704
4.7485 2.69329177916
4.7495 2.6864914126
4.7505 2.67993015044
4.7515 2.67359441365
4.7525 2.66747153484
4.7535 2.66161315557
4.7545 2.65597057061
4.7555 2.65050606433
4.7565 2.64521003577
4.7575 2.6400734976
4.7585 2.63508803145
4.7595 2.63024574689
4.7605 2.62553924371
4.7615 2.62096157719
4.7625 2.61652747448
4.7635 2.61227246978
4.7645 2.60812658839
4.7655 2.60408445216
4.7665 2.6001409995
4.7675 2.59629146416
4.7685 2.59253135559
4.7695 2.58885644077
4.7705 2.58526272743
4.7715 2.58174644843
4.7725 2.57836789787
4.7735 2.57507482371
4.7745 2.57184800366
4.7755 2.56868446358
4.7765 2.56558139053
4.7775 2.56253612285
4.7785 2.55954614091
4.7795 2.55660905853
4.7805 2.55372261492
4.7815 2.55091126264
4.7825 2.54819510409
4.7835 2.54552251803
4.7845 2.5428916955
4.7855 2.5403009194
4.7865 2.53774855917
4.7875 2.53523306584
4.7885 2.53275296747
4.7895 2.53030686477
4.7905 2.52789342709
4.7915 2.52557637707
4.7925 2.52329591773
4.7935 2.52104365328
4.7945 2.51881850704
4.7955 2.51661945362
4.7965 2.51444551618
4.7975 2.51229576383
4.7985 2.51016930923
4.7995 2.50806530628
4.8005 2.50601412155
4.8015 2.50402133861
4.8025 2.50204791435
4.8035 2.50009315978
4.8045 2.49815641722
4.8055 2.49623705872
4.8065 2.49433448451
4.8075 2.49244812168
4.8085 2.49057742277
4.8095 2.48872186454
4.8105 2.48694719587
4.8115 2.48518596657
4.8125 2.48343772957
4.8135 2.48170205741
4.8145 2.47997854121
4.8155 2.47826678986
4.8165 2.47656642911
4.8175 2.47487710083
4.8185 2.47319846219
4.8195 2.47156529415
4.8205 2.46997037779
4.8215 2.4683845427
4.8225 2.46680750927
4.8235 2.46523900982
4.8245 2.46367878799
4.8255 2.46212659825
4.8265 2.46058220542
4.8275 2.45904538418
4.8285 2.45752207859
4.8295 2.45606101511
4.8305 2.45460627807
4.8315 2.45315768507
4.8325 2.45171506135
4.8335 2.45027823957
4.8345 2.44884705937
4.8355 2.44742136715
4.8365 2.44600101573
4.8375 2.44458586405
4.8385 2.44321427001
4.8395 2.44186785336
4.8405 2.44052566616
4.8415 2.43918759607
4.8425 2.43785353561
4.8435 2.43652338186
4.8445 2.43519703632
4.8455 2.43387440471
4.8465 2.43255539678
4.8475 2.4312513831
4.8485 2.42999631897
4.8495 2.42874407992
4.8505 2.42749459621
4.8515 2.42624780129
4.8525 2.42500363157
4.8535 2.4237620264
4.8545 2.42252292785
4.8555 2.42128628066
4.8565 2.42005203209
4.8575 2.41886153249
4.8585 2.4176866768
4.8595 2.41651355882
4.8605 2.41534214034
4.8615 2.41417238511
4.8625 2.41300425875
4.8635 2.41183772869
4.8645 2.41067276407
4.8655 2.40950933567
4.8665 2.40836346428
4.8675 2.40725619948
4.8685 2.40614990058
4.8695 2.40504454926
4.8705 2.40394012842
4.8715 2.40283662217
4.8725 2.40173401577
4.8735 2.40063229556
4.8745 2.39953144893
4.8755 2.39843146426
4.8765 2.39737622781
4.8775 2.39632914587
4.8785 2.39528243228
4.8795 2.39423608351
4.8805 2.39319009676
4.8815 2.39214446996
4.8825 2.39109920166
4.8835 2.39005429107
4.8845 2.38900973798
4.8855 2.38798559133
4.8865 2.38699156347
4.8875 2.38599745232
4.8885 2.38500326404
4.8895 2.38400900516
4.8905 2.38301468261
4.8915 2.38202030371
4.8925 2.38102587609
4.8935 2.38003140774
4.8945 2.37903690693
4.8955 2.37808841984
4.8965 2.37714192722
4.8975 2.37619500838
4.8985 2.37524767655
4.8995 2.37429994512
4.9005 2.37335182763
4.9015 2.3724033378
4.9025 2.37145448945
4.9035 2.37050529656
4.9045 2.36957931891
4.9055 2.36867626648
4.9065 2.36777250949
4.9075 2.36686806589
4.9085 2.3659629537
4.9095 2.36505719095
4.9105 2.36415079565
4.9115 2.36324378585
4.9125 2.36233617957
4.9135 2.36143028411
4.9145 2.3605671204
4.9155 2.35970302826
4.9165 2.35883802905
4.9175 2.35797214404
4.9185 2.35710539443
4.9195 2.35623780134
4.9205 2.35536938578
4.9215 2.35450016869
4.9225 2.35363017089
4.9235 2.35278602418
4.9245 2.35195858285
4.9255 2.35113005548
4.9265 2.35030046566
4.9275 2.3494698368
4.9285 2.34863819218
4.9295 2.34780555492
4.9305 2.34697194799
4.9315 2.3461373942
4.9325 2.34530839116
4.9335 2.34451497387
4.9345 2.3437203244
4.9355 2.3429244679
4.9365 2.34212742932
4.9375 2.34132923344
4.9385 2.34052990481
4.9395 2.33972946778
4.9405 2.33892794653
4.9415 2.33812536502
4.9425 2.33735105012
4.9435 2.33658799272
4.9445 2.3358236094
4.9455 2.33505792613
4.9465 2.33429096865
4.9475 2.33352276248
4.9485 2.33275333291
4.9495 2.33198270498
4.9505 2.33121090353
4.9515 2.33044814847
4.9525 2.32971465122
4.9535 2.32897972994
4.9545 2.3282434112
4.9555 2.32750572136
4.9565 2.32676668651
4.9575 2.3260263325
4.9585 2.32528468494
4.9595 2.32454176919
4.9605 2.32379761038
4.9615 2.32308390413
4.9625 2.32237664166
4.9635 2.32166790088
4.9645 2.32095770846
4.9655 2.32024609081
4.9665 2.31953307407
4.9675 2.31881868414
4.9685 2.31810294667
4.9695 2.31738588704
4.9705 2.31668104033
4.9715 2.31599980898
4.9725 2.31531703219
4.9735 2.31463273675
4.9745 2.31394694915
4.9755 2.31325969564
4.9765 2.31257100222
4.9775 2.31188089459
4.9785 2.31118939825
4.9795 2.31049653841
4.9805 2.30983609519
4.9815 2.30917781583
4.9825 2.30851796204
4.9835 2.30785656027
4.9845 2.30719363671
4.9855 2.30652921729
4.9865 2.30586332767
4.9875 2.30519599327
4.9885 2.30452723925
4.9895 2.3038570905
4.9905 2.30318557169
4.9915 2.30251270722
4.9925 2.30183852124
4.9935 2.30116303769
4.9945 2.30048628022
4.9955 2.29980827229
4.9965 2.29912903708
4.9975 2.29844859756
