4190-1;47543;48170;4188.8;526.7
4190-2;30372;30437;4188.6;43.33
4200;48172;48713;4198.9;526.0
4210-1;48714;49239;4209.2;517.1
4210-2;31983;32045;4207.7;54.95
4220-1;49270;49787;4218.7;514.6
4220-2;32046;32140;4217.1;54.60
4230-1;30438;30491;4226.3;44.54
4230-2;32239;33484;4226.3;1056.4
4237;49788;50254;4235.7;530.3
4245;32141;32226;4241.7;55.88
4246;50255;50793;4243.8;538.1
4260-1;29677;30367;4257.97;828.4
4260-2;31561;31981;4257.97;0.
4270;50796;51302;4266.8;531.1
4280;51303;51498;4277.7;175.7
4290;59902;60363;4287.88;502.4
4310;30492;30557;4307.9;45.08
4315;60364;60805;4312.05;501.2
4340;60808;61242;4337.39;505.0
4360;30616;31279;4358.26;543.9
4380;61249;61762;4377.37;522.7
4390;31281;31325;4387.4;55.57
4400;61763;62285;4396.45;507.8
4420-1;31327;31390;4415.58;46.80
4420-2;36773;38140;4415.58;1043.9
4440;62286;62823;4436.24;569.9
4470;36245;36393;4467.1;111.09
4530;36398;36588;4527.1;112.12
4575;36603;36699;4574.50;48.93
4600;35227;36213;4599.53;586.9
4610;64314;64360;4612.08;102.50
4620;63075;63515;4631.29;511.06
4640;63516;63715;4643.66;541.37
4660;63718;63852;4664.14;528.63
4680-1;63867;64015;4682.71;528.46
4680-2;64365;65092;4681.88;1103.27
4700;64028;64313;4700.44;526.26
4740;64028;64313;4739.7;50.70
4750;64028;64313;4750.1;179.12
4780;64028;64313;4782.8;250
4840;64028;64313;4840.0;250
4914;64028;64313;4915.2;100
4946;64028;64313;4944.8;75
