4.0205 0.136961288417
4.0215 0.137874534479
4.0225 0.138793887151
4.0235 0.139719387372
4.0245 0.140651076356
4.0255 0.141588995593
4.0265 0.142533186853
4.0275 0.143483692186
4.0285 0.144440553925
4.0295 0.145403814688
4.0305 0.146373517378
4.0315 0.147349705187
4.0325 0.148332421598
4.0335 0.149321710385
4.0345 0.150317615617
4.0355 0.151320181659
4.0365 0.152329453175
4.0375 0.153345475127
4.0385 0.154368292781
4.0395 0.155397951708
4.0405 0.156434497783
4.0415 0.15747797719
4.0425 0.158528436426
4.0435 0.159585922297
4.0445 0.160650481925
4.0455 0.161722162749
4.0465 0.162801012528
4.0475 0.163887079339
4.0485 0.164980411585
4.0495 0.166081057994
4.0505 0.16718906762
4.0515 0.168304489847
4.0525 0.169427374393
4.0535 0.170557771309
4.0545 0.171695730982
4.0555 0.172841304139
4.0565 0.173994541846
4.0575 0.175155495514
4.0585 0.176324216899
4.0595 0.177500758106
4.0605 0.17868517159
4.0615 0.179877510156
4.0625 0.181077826968
4.0635 0.182286175546
4.0645 0.183502609768
4.0655 0.184727183878
4.0665 0.18595995248
4.0675 0.18720097055
4.0685 0.188450293431
4.0695 0.189707976838
4.0705 0.190974076861
4.0715 0.192248649968
4.0725 0.193531753007
4.0735 0.194823443206
4.0745 0.196123778179
4.0755 0.197432815929
4.0765 0.198750614848
4.0775 0.200077233719
4.0785 0.201412731723
4.0795 0.202757168438
4.0805 0.204110603842
4.0815 0.205473098317
4.0825 0.20684471265
4.0835 0.20822550804
4.0845 0.209615546094
4.0855 0.211014888836
4.0865 0.212423598704
4.0875 0.21384173856
4.0885 0.215269371686
4.0895 0.216706561791
4.0905 0.21815337301
4.0915 0.219609869914
4.0925 0.221076117504
4.0935 0.222552181221
4.0945 0.224038126945
4.0955 0.225534020999
4.0965 0.227039930152
4.0975 0.228555921624
4.0985 0.230082063084
4.0995 0.23161842266
4.1005 0.233165068936
4.1015 0.234722070956
4.1025 0.236289498233
4.1035 0.237867420743
4.1045 0.239455908936
4.1055 0.241055033733
4.1065 0.242664866536
4.1075 0.244285479223
4.1085 0.24591694416
4.1095 0.247559334197
4.1105 0.249212722674
4.1115 0.250877183426
4.1125 0.252552790785
4.1135 0.254239619581
4.1145 0.255937745149
4.1155 0.257647243332
4.1165 0.259368190481
4.1175 0.261100663462
4.1185 0.262844739657
4.1195 0.264600496972
4.1205 0.266368013834
4.1215 0.268147369198
4.1225 0.269938642553
4.1235 0.271741913919
4.1245 0.273557263857
4.1255 0.275384773471
4.1265 0.277224524408
4.1275 0.279076598867
4.1285 0.280941079599
4.1295 0.282818049912
4.1305 0.284707593675
4.1315 0.286609795321
4.1325 0.288524739851
4.1335 0.29045251284
4.1345 0.292393200436
4.1355 0.29434688937
4.1365 0.296313666954
4.1375 0.298293621089
4.1385 0.300286840269
4.1395 0.30229341358
4.1405 0.304313430712
4.1415 0.306346981955
4.1425 0.308394158208
4.1435 0.310455050984
4.1445 0.312529752409
4.1455 0.314618355231
4.1465 0.316720952821
4.1475 0.318837639181
4.1485 0.320968508942
4.1495 0.323113657375
4.1505 0.325273180392
4.1515 0.32744717455
4.1525 0.329635737056
4.1535 0.331838965771
4.1545 0.334056959218
4.1555 0.336289816578
4.1565 0.338537637705
4.1575 0.340800523122
4.1585 0.343078574029
4.1595 0.345371892309
4.1605 0.34768058053
4.1615 0.350004741951
4.1625 0.352344480524
4.1635 0.354699900906
4.1645 0.357071108453
4.1655 0.359458209234
4.1665 0.361861310031
4.1675 0.364280518346
4.1685 0.366715942403
4.1695 0.369167691156
4.1705 0.371635874294
4.1715 0.374120602241
4.1725 0.376621986169
4.1735 0.379140137996
4.1745 0.381675170393
4.1755 0.384227196793
4.1765 0.386796331389
4.1775 0.389382689145
4.1785 0.391986385801
4.1795 0.394607537873
4.1805 0.397246262664
4.1815 0.399902678266
4.1825 0.402576903568
4.1835 0.405269058257
4.1845 0.407979262828
4.1855 0.410707638588
4.1865 0.413454307659
4.1875 0.416219392989
4.1885 0.419003018349
4.1895 0.421805308349
4.1905 0.424626388434
4.1915 0.427466384898
4.1925 0.430325424883
4.1935 0.433203636387
4.1945 0.436101148273
4.1955 0.439018090269
4.1965 0.441954592979
4.1975 0.444910787886
4.1985 0.447886807358
4.1995 0.450882784657
4.2005 0.453898853941
4.2015 0.456935150271
4.2025 0.459991809619
4.2035 0.463068968875
4.2045 0.466166765847
4.2055 0.469285339275
4.2065 0.472424828831
4.2075 0.475585375132
4.2085 0.478767119737
4.2095 0.481970205163
4.2105 0.485194774886
4.2115 0.488440973349
4.2125 0.491708945966
4.2135 0.494998839133
4.2145 0.498310800234
4.2155 0.501644977641
4.2165 0.505001520731
4.2175 0.508380579885
4.2185 0.511782306496
4.2195 0.515206852981
4.2205 0.518654372781
4.2215 0.522125020372
4.2225 0.52561895127
4.2235 0.529136322041
4.2245 0.532677290305
4.2255 0.536242014743
4.2265 0.539830655107
4.2275 0.543443372225
4.2285 0.547080328009
4.2295 0.550741685462
4.2305 0.554427608686
4.2315 0.558138262889
4.2325 0.561873814391
4.2335 0.565634430635
4.2345 0.569420280191
4.2355 0.573231532766
4.2365 0.57706835921
4.2375 0.580930931526
4.2385 0.584819422874
4.2395 0.588734007585
4.2405 0.59267486116
4.2415 0.596642160287
4.2425 0.600636082843
4.2435 0.604656807904
4.2445 0.608704515755
4.2455 0.612779387895
4.2465 0.616881607045
4.2475 0.621011357159
4.2485 0.625168823433
4.2495 0.629354192307
4.2505 0.633567651483
4.2515 0.637809389924
4.2525 0.642079597869
4.2535 0.64637846684
4.2545 0.650706189648
4.2555 0.655062960406
4.2565 0.659448974535
4.2575 0.663864428773
4.2585 0.668309521185
4.2595 0.672784451171
4.2605 0.677289419475
4.2615 0.681824628196
4.2625 0.686390280794
4.2635 0.690986582101
4.2645 0.695613738332
4.2655 0.700271957089
4.2665 0.704961447377
4.2675 0.709682419608
4.2685 0.714435085615
4.2695 0.719219658658
4.2705 0.724036353434
4.2715 0.728885386089
4.2725 0.733766974228
4.2735 0.73868133692
4.2745 0.743628694714
4.2755 0.748609269646
4.2765 0.753623285247
4.2775 0.758670966558
4.2785 0.763752540136
4.2795 0.768868234068
4.2805 0.774018277976
4.2815 0.779202903034
4.2825 0.784422341972
4.2835 0.789676829092
4.2845 0.794966600274
4.2855 0.800291892991
4.2865 0.805652946317
4.2875 0.811050000937
4.2885 0.81648329916
4.2895 0.821953084932
4.2905 0.82745960384
4.2915 0.833003103131
4.2925 0.838583831717
4.2935 0.844202040191
4.2945 0.849857980835
4.2955 0.855551907633
4.2965 0.861284076283
4.2975 0.867054744208
4.2985 0.872864170565
4.2995 0.878712616261
4.3005 0.884600343963
4.3015 0.890527618111
4.3025 0.896494704926
4.3035 0.902501872427
4.3045 0.90854939044
4.3055 0.914637530613
4.3065 0.920766566425
4.3075 0.9269367732
4.3085 0.933148428121
4.3095 0.939401810238
4.3105 0.945697200487
4.3115 0.952034881697
4.3125 0.958415138607
4.3135 0.964838257875
4.3145 0.971304528096
4.3155 0.977814239808
4.3165 0.984367685514
4.3175 0.990965159686
4.3185 0.997606958787
4.3195 1.00429338128
4.3205 1.01102472763
4.3215 1.01780130036
4.3225 1.02462340399
4.3235 1.03149134514
4.3245 1.03840543246
4.3255 1.04536597671
4.3265 1.05237329074
4.3275 1.05942768951
4.3285 1.06652949009
4.3295 1.07367901172
4.3305 1.08087657576
4.3315 1.08812250578
4.3325 1.0954171275
4.3335 1.10276076884
4.3345 1.11015375995
4.3355 1.1175964332
4.3365 1.1250891232
4.3375 1.13263216682
4.3385 1.1402259032
4.3395 1.14787067379
4.3405 1.15556682232
4.3415 1.16331469484
4.3425 1.17111463975
4.3435 1.17896700779
4.3445 1.18687215209
4.3455 1.19483042812
4.3465 1.20284219379
4.3475 1.21090780941
4.3485 1.21902763772
4.3495 1.22720204392
4.3505 1.23543139565
4.3515 1.24371606307
4.3525 1.25205641879
4.3535 1.26045283799
4.3545 1.26890569833
4.3555 1.27741538007
4.3565 1.28598226599
4.3575 1.29460674148
4.3585 1.30328919453
4.3595 1.31203001574
4.3605 1.32082959837
4.3615 1.32968833829
4.3625 1.3386066341
4.3635 1.34758488704
4.3645 1.35662350109
4.3655 1.36572288295
4.3665 1.37488344205
4.3675 1.38410559061
4.3685 1.39338974362
4.3695 1.40273631887
4.3705 1.41214573697
4.3715 1.42161842138
4.3725 1.43115479841
4.3735 1.44075529726
4.3745 1.45042035
4.3755 1.46015039165
4.3765 1.46994586015
4.3775 1.4798071964
4.3785 1.48973484428
4.3795 1.49972925067
4.3805 1.50979086546
4.3815 1.51992014157
4.3825 1.53011753501
4.3835 1.54038350483
4.3845 1.55071851322
4.3855 1.56112302544
4.3865 1.57159750995
4.3875 1.58214243834
4.3885 1.59275828538
4.3895 1.60344552906
4.3905 1.6142046506
4.3915 1.62503613446
4.3925 1.63594046838
4.3935 1.64691814339
4.3945 1.65796965384
4.3955 1.66909549741
4.3965 1.68029617515
4.3975 1.69157219149
4.3985 1.70292405427
4.3995 1.71435227475
4.4005 1.72585736767
4.4015 1.73743985121
4.4025 1.74910024708
4.4035 1.76083908049
4.4045 1.77265688023
4.4055 1.78455417862
4.4065 1.79653151161
4.4075 1.80858941876
4.4085 1.82072844326
4.4095 1.83294913199
4.4105 1.84525203552
4.4115 1.85763770813
4.4125 1.87010670785
4.4135 1.88265959647
4.4145 1.8952969396
4.4155 1.90801930665
4.4165 1.92082727089
4.4175 1.93372140943
4.4185 1.94670230333
4.4195 1.95977053754
4.4205 1.97292670097
4.4215 1.98617138652
4.4225 1.99950519107
4.4235 2.01292871555
4.4245 2.02644256497
4.4255 2.04004734838
4.4265 2.05374367899
4.4275 2.06753217412
4.4285 2.08141345529
4.4295 2.09538814819
4.4305 2.10945688277
4.4315 2.12362029321
4.4325 2.13787901798
4.4335 2.15223369988
4.4345 2.16668498603
4.4355 2.18123352795
4.4365 2.19587998153
4.4375 2.21062500712
4.4385 2.22546926952
4.4395 2.24041343803
4.4405 2.25545818645
4.4415 2.27060419317
4.4425 2.28585214114
4.4435 2.30120271792
4.4445 2.31665661574
4.4455 2.33221453149
4.4465 2.34787716677
4.4475 2.36364522793
4.4485 2.3795194261
4.4495 2.39550047719
4.4505 2.41158910198
4.4515 2.42778602609
4.4525 2.44409198007
4.4535 2.46050769939
4.4545 2.47703392452
4.4555 2.49367140089
4.4565 2.510420879
4.4575 2.52728311442
4.4585 2.54425886781
4.4595 2.561348905
4.4605 2.57855399697
4.4615 2.59587491991
4.4625 2.61331245529
4.4635 2.63086738983
4.4645 2.64854051557
4.4655 2.66633262992
4.4665 2.68424453568
4.4675 2.70227704105
4.4685 2.72043095973
4.4695 2.73870711089
4.4705 2.75710631927
4.4715 2.77562941514
4.4725 2.79427723443
4.4735 2.8130506187
4.4745 2.83195041519
4.4755 2.85097747688
4.4765 2.87013266252
4.4775 2.88941683665
4.4785 2.90883086967
4.4795 2.92837563787
4.4805 2.94805202344
4.4815 2.96786091456
4.4825 2.98780320539
4.4835 3.00787979616
4.4845 3.02809159318
4.4855 3.04843950888
4.4865 3.06892446186
4.4875 3.08954737693
4.4885 3.11030918517
4.4895 3.13121082394
4.4905 3.15225323694
4.4915 3.17343737425
4.4925 3.19476419239
4.4935 3.21623465431
4.4945 3.23784972953
4.4955 3.25961039407
4.4965 3.28151763058
4.4975 3.30357242834
4.4985 3.32577578334
4.4995 3.3481286983
4.5005 3.37063218269
4.5015 3.39328725285
4.5025 3.41609493197
4.5035 3.43905625017
4.5045 3.46217224452
4.5055 3.48544395912
4.5065 3.50887244512
4.5075 3.53245876079
4.5085 3.55620397156
4.5095 3.58010915004
4.5105 3.60417537613
4.5115 3.62840373701
4.5125 3.65279532721
4.5135 3.67735124869
4.5145 3.70207261084
4.5155 3.72696053055
4.5165 3.75201613229
4.5175 3.77724054811
4.5185 3.80263491772
4.5195 3.82820038857
4.5205 3.85393811582
4.5215 3.8798492625
4.5225 3.90593499946
4.5235 3.93219650549
4.5245 3.95863496736
4.5255 3.98525157986
4.5265 4.01204754587
4.5275 4.03902407639
4.5285 4.06618239062
4.5295 4.09352371603
4.5305 4.12104928835
4.5315 4.14876035172
4.5325 4.17665815865
4.5335 4.20474397016
4.5345 4.23301905578
4.5355 4.26148469363
4.5365 4.29014217049
4.5375 4.31899278184
4.5385 4.34803783191
4.5395 4.37727863379
4.5405 4.4067165094
4.5415 4.43635278966
4.5425 4.46618881447
4.5435 4.49622593278
4.5445 4.52646550269
4.5455 4.55690889148
4.5465 4.58755747569
4.5475 4.61841264116
4.5485 4.64947578312
4.5495 4.68074830624
4.5505 4.71223162469
4.5515 4.7439271622
4.5525 4.77583635215
4.5535 4.80796063761
4.5545 4.84030147142
4.5555 4.87286031626
4.5565 4.90563864469
4.5575 4.93863793924
4.5585 4.97185969248
4.5595 5.00530540707
4.5605 5.03897659586
4.5615 5.07287478192
4.5625 5.10700149862
4.5635 5.14135828972
4.5645 5.17594670944
4.5655 5.21076832249
4.5665 5.2458247042
4.5675 5.28111744053
4.5685 5.31664812821
4.5695 5.35241837474
4.5705 5.38842979852
4.5715 5.4246840289
4.5725 5.46118270627
4.5735 5.49792748211
4.5745 5.53492001907
4.5755 5.57216199106
4.5765 5.60965508334
4.5775 5.64740099256
4.5785 5.68540142684
4.5795 5.72365810589
4.5805 5.76217276104
4.5815 5.80094713535
4.5825 5.83998298368
4.5835 5.87928207277
4.5845 5.9188461813
4.5855 5.95867710002
4.5865 5.99877663178
4.5875 6.03914659164
4.5885 6.07978880696
4.5895 6.12070511746
4.5905 6.16189737531
4.5915 6.20336744522
4.5925 6.24511720454
4.5935 6.2871485433
4.5945 6.32946336436
4.5955 6.37206358344
4.5965 6.41495112923
4.5975 6.4581279435
4.5985 6.50159598113
4.5995 6.54535721026
4.6005 6.58941361236
4.6015 6.63376718231
4.6025 6.67841992848
4.6035 6.72337387285
4.6045 6.76863105111
4.6055 6.8141935127
4.6065 6.86006332096
4.6075 6.9062425532
4.6085 6.95273330077
4.6095 6.99953766922
4.6105 7.04665777833
4.6115 7.09409576224
4.6125 7.14185376955
4.6135 7.1899339634
4.6145 7.23833852157
4.6155 7.28706963661
4.6165 7.33612951591
4.6175 7.38552038179
4.6185 7.43524447164
4.6195 7.485304038
4.6205 7.53570134865
4.6215 7.58643868673
4.6225 7.63751835087
4.6235 7.68894265523
4.6245 7.74071392967
4.6255 7.79283451981
4.6265 7.84530678716
4.6275 7.89813310924
4.6285 7.95131587964
4.6295 8.0048575082
4.6305 8.05876042106
4.6315 8.11302706078
4.6325 8.16765988649
4.6335 8.22266137396
4.6345 8.27803401573
4.6355 8.33378032123
4.6365 8.38990281688
4.6375 8.44640404622
4.6385 8.50328657001
4.6395 8.56055296636
4.6405 8.61820583084
4.6415 8.6762477766
4.6425 8.73468143451
4.6435 8.79350945323
4.6445 8.85273449939
4.6455 8.91235925767
4.6465 8.97238643094
4.6475 9.03281874037
4.6485 9.09365892557
4.6495 9.15490974472
4.6505 9.21657397468
4.6515 9.27865441111
4.6525 9.34115386861
4.6535 9.40407518088
4.6545 9.46742120076
4.6555 9.53119480048
4.6565 9.59539887168
4.6575 9.66003632562
4.6585 9.72511009327
4.6595 9.79062312546
4.6605 9.85657839301
4.6615 9.92297888689
4.6625 9.9898276183
4.6635 10.0571276189
4.6645 10.1248819407
4.6655 10.1930936568
4.6665 10.2617658606
4.6675 10.3309016669
4.6685 10.4005042113
4.6695 10.4705766509
4.6705 10.5411221639
4.6715 10.6121439504
4.6725 10.6836452318
4.6735 10.7556292517
4.6745 10.8280992753
4.6755 10.9010585903
4.6765 10.9745105063
4.6775 11.0484583557
4.6785 11.1229054932
4.6795 11.1978552964
4.6805 11.2733111657
4.6815 11.3492765246
4.6825 11.4257548198
4.6835 11.5027495212
4.6845 11.5802641225
4.6855 11.6583021408
4.6865 11.7368671173
4.6875 11.8159626169
4.6885 11.895592229
4.6895 11.975759567
4.6905 12.056468269
4.6915 12.1377219976
4.6925 12.2195244405
4.6935 12.3018793101
4.6945 12.3847903441
4.6955 12.4682613054
4.6965 12.5522959827
4.6975 12.6368981901
4.6985 12.7220717676
4.6995 12.8078205813
4.7005 12.8941485235
4.7015 12.9810595129
4.7025 13.0685574946
4.7035 13.1566464407
4.7045 13.24533035
4.7055 13.3346132485
4.7065 13.4244991895
4.7075 13.5149922538
4.7085 13.6060965498
4.7095 13.6978162137
4.7105 13.79015541
4.7115 13.883118331
4.7125 13.9767091979
4.7135 14.0709322601
4.7145 14.1657917962
4.7155 14.2612921133
4.7165 14.3574375483
4.7175 14.454232467
4.7185 14.551681265
4.7195 14.6497883678
4.7205 14.7485582308
4.7215 14.8479953395
4.7225 14.94810421
4.7235 15.0488893889
4.7245 15.1503554536
4.7255 15.2525070128
4.7265 15.355348706
4.7275 15.4588852046
4.7285 15.5631212114
4.7295 15.6680614611
4.7305 15.7737107206
4.7315 15.8800737892
4.7325 15.9871554985
4.7335 16.094960713
4.7345 16.2034943302
4.7355 16.3127612808
4.7365 16.422766529
4.7375 16.5335150724
4.7385 16.6450119428
4.7395 16.7572622059
4.7405 16.8702709619
4.7415 16.9840433456
4.7425 17.0985845264
4.7435 17.2138997091
4.7445 17.3299941334
4.7455 17.4468730748
4.7465 17.5645418446
4.7475 17.6830057899
4.7485 17.8022702943
4.7495 17.9223407778
4.7505 18.0432226971
4.7515 18.1649215459
4.7525 18.2874428555
4.7535 18.4107921941
4.7545 18.5349751683
4.7555 18.6599974223
4.7565 18.7858646387
4.7575 18.9125825387
4.7585 19.0401568822
4.7595 19.1685934683
4.7605 19.2978981353
4.7615 19.4280767613
4.7625 19.5591352639
4.7635 19.6910796013
4.7645 19.8239157717
4.7655 19.9576498143
4.7665 20.0922878091
4.7675 20.2278358773
4.7685 20.3643001818
4.7695 20.5016869271
4.7705 20.64000236
4.7715 20.7792527695
4.7725 20.9194444873
4.7735 21.0605838881
4.7745 21.2026773899
4.7755 21.3457314541
4.7765 21.489752586
4.7775 21.6347473349
4.7785 21.7807222949
4.7795 21.9276841044
4.7805 22.0756394471
4.7815 22.2245950519
4.7825 22.3745576936
4.7835 22.5255341925
4.7845 22.6775314157
4.7855 22.8305562766
4.7865 22.9846157354
4.7875 23.1397167999
4.7885 23.295866525
4.7895 23.4530720137
4.7905 23.6113404174
4.7915 23.7706789355
4.7925 23.9310948168
4.7935 24.0925953588
4.7945 24.255187909
4.7955 24.4188798643
4.7965 24.583678672
4.7975 24.74959183
4.7985 24.9166268869
4.7995 25.0847914427
4.8005 25.2540931489
4.8015 25.4245397089
4.8025 25.5961388783
4.8035 25.7688984655
4.8045 25.9428263317
4.8055 26.1179303916
4.8065 26.2942186136
4.8075 26.4716990201
4.8085 26.6503796879
4.8095 26.8302687487
4.8105 27.0113743894
4.8115 27.1937048524
4.8125 27.377268436
4.8135 27.562073495
4.8145 27.7481284407
4.8155 27.9354417416
4.8165 28.1240219235
4.8175 28.3138775704
4.8185 28.5050173242
4.8195 28.6974498856
4.8205 28.8911840145
4.8215 29.0862285299
4.8225 29.2825923111
4.8235 29.4802842973
4.8245 29.6793134885
4.8255 29.8796889458
4.8265 30.0814197919
4.8275 30.2845152112
4.8285 30.4889844505
4.8295 30.6948368196
4.8305 30.9020816912
4.8315 31.1107285017
4.8325 31.3207867517
4.8335 31.5322660061
4.8345 31.7451758948
4.8355 31.9595261131
4.8365 32.175326422
4.8375 32.392586649
4.8385 32.611316688
4.8395 32.8315265003
4.8405 33.0532261147
4.8415 33.2764256282
4.8425 33.5011352061
4.8435 33.7273650831
4.8445 33.9551255629
4.8455 34.1844270197
4.8465 34.4152798975
4.8475 34.6476947119
4.8485 34.8816820492
4.8495 35.1172525681
4.8505 35.3544169994
4.8515 35.5931861468
4.8525 35.8335708874
4.8535 36.0755821721
4.8545 36.3192310261
4.8555 36.5645285497
4.8565 36.8114859182
4.8575 37.060114383
4.8585 37.310425272
4.8595 37.5624299897
4.8605 37.8161400183
4.8615 38.0715669178
4.8625 38.3287223269
4.8635 38.587617963
4.8645 38.8482656234
4.8655 39.1106771853
4.8665 39.3748646067
4.8675 39.6408399266
4.8685 39.9086152658
4.8695 40.1782028276
4.8705 40.449614898
4.8715 40.7228638465
4.8725 40.9979621264
4.8735 41.2749222759
4.8745 41.5537569181
4.8755 41.8344787619
4.8765 42.1171006025
4.8775 42.401635322
4.8785 42.68809589
4.8795 42.9764953641
4.8805 43.2668468906
4.8815 43.5591637053
4.8825 43.8534591336
4.8835 44.1497465914
4.8845 44.448039586
4.8855 44.7483517161
4.8865 45.050696673
4.8875 45.3550882409
4.8885 45.6615402977
4.8895 45.9700668153
4.8905 46.2806818608
4.8915 46.5933995966
4.8925 46.9082342816
4.8935 47.2252002713
4.8945 47.5443120187
4.8955 47.865584075
4.8965 48.1890310904
4.8975 48.5146678145
4.8985 48.842509097
4.8995 49.1725698885
4.9005 49.5048652413
4.9015 49.8394103098
4.9025 50.1762203514
4.9035 50.5153107271
4.9045 50.8566969022
4.9055 51.2003944473
4.9065 51.5464190385
4.9075 51.8947864585
4.9085 52.2455125972
4.9095 52.5986134525
4.9105 52.9541051308
4.9115 53.3120038482
4.9125 53.6723259308
4.9135 54.0350878156
4.9145 54.4003060512
4.9155 54.7679972988
4.9165 55.1381783328
4.9175 55.5108660413
4.9185 55.8860774274
4.9195 56.2638296097
4.9205 56.6441398229
4.9215 57.027025419
4.9225 57.4125038679
4.9235 57.8005927579
4.9245 58.1913097973
4.9255 58.5846728142
4.9265 58.9806997582
4.9275 59.3794087007
4.9285 59.7808178359
4.9295 60.1849454816
4.9305 60.5918100802
4.9315 61.0014301993
4.9325 61.4138245327
4.9335 61.8290119011
4.9345 62.2470112532
4.9355 62.6678416666
4.9365 63.0915223483
4.9375 63.5180726359
4.9385 63.9475119984
4.9395 64.3798600371
4.9405 64.8151364865
4.9415 65.2533612153
4.9425 65.6945542271
4.9435 66.1387356614
4.9445 66.5859257947
4.9455 67.0361450412
4.9465 67.4894139538
4.9475 67.9457532253
4.9485 68.4051836888
4.9495 68.8677263192
4.9505 69.3334022339
4.9515 69.8022326938
4.9525 70.2742391044
4.9535 70.7494430164
4.9545 71.2278661273
4.9555 71.7095302819
4.9565 72.1944574734
4.9575 72.6826698447
4.9585 73.174189689
4.9595 73.669039451
4.9605 74.1672417282
4.9615 74.6688192714
4.9625 75.1737949862
4.9635 75.6821919339
4.9645 76.1940333324
4.9655 76.7093425577
4.9665 77.2281431444
4.9675 77.7504587871
4.9685 78.2763133417
4.9695 78.8057308261
4.9705 79.3387354214
4.9715 79.8753514731
4.9725 80.4156034922
4.9735 80.9595161565
4.9745 81.5071143114
4.9755 82.058422971
4.9765 82.6134673198
4.9775 83.1722727133
4.9785 83.7348646794
4.9795 84.3012689196
4.9805 84.87151131
4.9815 85.4456179027
4.9825 86.023614927
4.9835 86.6055287902
4.9845 87.1913860796
4.9855 87.7812135628
4.9865 88.3750381896
4.9875 88.9728870931
4.9885 89.5747875907
4.9895 90.1807671856
4.9905 90.7908535679
4.9915 91.4050746162
4.9925 92.0234583984
4.9935 92.6460331734
4.9945 93.272827392
4.9955 93.9038696988
4.9965 94.5391889328
