4190;47543;48170;4188.8;526.7
4200;48172;48713;4198.9;526.0
4210;48714;49239;4207.7;517.1
4220;49270;49787;4217.1;514.6
4230;32239;33484;4226.3;1056.4
4237;49788;50254;4235.7;530.3
4245;32141;32226;4241.7;55.88
4246;50255;50793;4243.8;538.1
4260;29677;30367;4257.97;828.4
4270;50796;51302;4266.8;531.1
4280;51303;51498;4277.7;175.7
4310;30492;30557;4307.9;45.08
4360;30616;31279;4358.26;543.9
4390;31281;31325;4387.4;55.57
4420;36773;38140;4415.58;1043.9
4470;36245;36393;4467.1;111.09
4530;36398;36588;4527.1;112.12
4575;36603;36699;4574.50;48.93
4600;35227;36213;4599.53;586.9
