1	-1
-1	1
2	2
-2	-2
3	-1
-3	1
4	2
-4	-2
5	-1
-5	1
6	2
-6	-2
7	-1
-7	1
8	2
-8	-2
21	0
11	-3
-11	3
12	0
-12	0
13	-3
-13	3
14	0
-14	0
15	-3
-15	3
16	0
-16	0
17	-3
-17	3
18	0
-18	0
22	0
-22	0
10022	0
90022	0
80022	0
20022	0
23	0
24	3
-24	-3
25	0
28	0
29	0
32	0
33	0
34	3
-34	-3
35	0
36	0
37	3
-37	-3
40	0
-40	0
41	0
42	+3
-42	-3
81	0
82	0
-82	0
83	0
84	2
-84	-2
85	-1
-85	1
86	2
-86	-2
87	-1
-87	1
88	2
-88	-2
89	3
-89	-3
90	0
-90	0
91	0
92	0
93	0
94	0
95	0
96	0
97	0
98	0
99	0
111	0
211	3
-211	-3
210	3
-210	-3
20111	0
20211	3
-20211	-3
221	0
20221	0
331	0
113	0
110	0
213	3
-213	-3
30113	0
30213	3
-30213	-3
40113	0
40213	3
-40213	-3
-9040213	-3
9040213	3
-9040113	0
223	0
220	0
30223	0
333	0
330	0
10111	0
10211	3
-10211	-3
9000221	0
9010221	0
10221	0
10113	0
10213	3
-10213	-3
10223	0
10333	0
20113	0
20213	3
-20213	-3
20223	0
115	0
215	3
-215	-3
225	0
30221	0
50221	0
335	0
9020221	0
100331	0
10335	0
10331	0
229	0
20333	0
8888888	0
9000223	0
9050225	0
9070225	0
9070221	0
9020225	0
9040225	0
9080221	0
9040221	0
9999999	0
311	0
-311	0
310	0
130	0
321	3
-321	-3
313	0
-313	0
323	3
-323	-3
9000311	0
-9000311	0
9000321	3
-9000321	-3
10311	0
-10311	0
10321	3
-10321	-3
10313	0
-10313	0
10323	3
-10323	-3
315	0
-315	0
325	3
-325	-3
20313	0
-20313	0
20323	3
-20323	-3
100313	0
-100313	0
100323	3
-100323	-3
30313	0
-30313	0
30323	3
-30323	-3
10315	0
-10315	0
10325	3
-10325	-3
317	0
-317	0
327	3
-327	-3
319	0
-319	0
329	3
-329	-3
9060221	0
411	3
-411	-3
421	0
-421	0
422	0
-422	0
413	3
-413	-3
423	0
-423	0
10411	3
-10411	-3
10421	0
-10421	0
10413	3
-10413	-3
10423	0
-10423	0
415	3
-415	-3
425	0
-425	0
20413	3
-20413	-3
20423	0
-20423	0
431	3
-431	-3
433	3
-433	-3
10431	3
-10431	-3
10433	3
-10433	-3
435	3
-435	-3
20433	3
-20433	-3
30411	3
-30411	-3
30421	0
-30421	0
30413	3
-30413	-3
30423	0
-30423	0
511	0
-511	0
150	0
510	0
521	3
-521	-3
513	0
-513	0
523	3
-523	-3
10511	0
-10511	0
10521	3
-10521	-3
10513	0
-10513	0
10523	3
-10523	-3
515	0
-515	0
525	3
-525	-3
20513	0
-20513	0
20523	3
-20523	-3
531	0
-531	0
350	0
530	0
533	0
-533	0
10531	0
-10531	0
10533	0
-10533	0
535	0
-535	0
20533	0
-20533	0
541	3
-541	-3
543	3
-543	-3
10541	3
-10541	-3
10543	3
-10543	-3
545	3
-545	-3
20543	3
-20543	-3
441	0
20441	0
443	0
440	0
100443	0
30443	0
9000443	0
9010443	0
9030443	0
9040443	0
9020443	0
10443	0
10441	0
20443	0
445	0
551	0
20551	0
40551	0
553	0
30553	0
60553	0
70553	0
80553	0
10553	0
40553	0
100553	0
10551	0
20553	0
555	0
30551	0
50553	0
10555	0
50551	0
110553	0
20555	0
40555	0
60555	0
120553	0
30555	0
557	0
130553	0
50555	0
10557	0
10222	0
1114	-3
-1114	3
2110	0
-2110	0
2112	0
-2112	0
2114	0
-2114	0
2210	3
-2210	-3
2212	3
-2212	-3
2214	3
-2214	-3
2224	6
-2224	-6
3112	-3
-3112	3
3114	-3
-3114	3
3122	0
-3122	0
13122	0
-13122	0
3124	0
-3124	0
23122	0
-23122	0
33122	0
-33122	0
13124	0
-13124	0
43122	0
-43122	0
53122	0
-53122	0
3126	0
-3126	0
13126	0
-13126	0
13212	0
-13212	0
13214	0
-13214	0
23212	0
-23212	0
3216	0
-3216	0
3212	0
-3212	0
3214	0
-3214	0
3222	3
-3222	-3
3224	3
-3224	-3
3312	-3
-3312	3
3314	-3
-3314	3
3322	0
-3322	0
3324	0
-3324	0
3334	-3
-3334	3
14122	3
-14122	-3
14124	3
-14124	-3
4112	0
-4112	0
4114	0
-4114	0
4212	3
-4212	-3
4214	3
-4214	-3
4222	6
-4222	-6
4224	6
-4224	-6
4312	0
-4312	0
4322	3
-4322	-3
4324	3
-4324	-3
4122	3
-4122	-3
4132	0
-4132	0
4232	3
-4232	-3
4314	0
-4314	0
4332	0
-4332	0
4334	0
-4334	0
5112	-3
-5112	3
5114	-3
-5114	3
5122	0
-5122	0
5132	-3
-5132	3
5212	0
-5212	0
5214	0
-5214	0
5222	3
-5222	-3
5224	3
-5224	-3
5232	0
-5232	0
5312	-3
-5312	3
5314	-3
-5314	3
5322	0
-5322	0
5324	0
-5324	0
5332	-3
-5332	3
5334	-3
-5334	3
1101	-2
-1101	2
2101	1
-2101	-1
2201	4
-2201	-4
3101	-2
-3101	2
3201	1
-3201	-1
3301	-2
-3301	2
4101	1
-4101	-1
4201	4
-4201	-4
4301	1
-4301	-1
4401	4
-4401	-4
5101	-2
-5101	2
5201	1
-5201	-1
5301	-2
-5301	2
5401	1
-5401	-1
5501	-2
-5501	2
1103	-2
-1103	2
2103	1
-2103	-1
2203	4
-2203	-4
3103	-2
-3103	2
3203	1
-3203	-1
3303	-2
-3303	2
4103	1
-4103	-1
4203	4
-4203	-4
4303	1
-4303	-1
4403	4
-4403	-4
5103	-2
-5103	2
5203	1
-5203	-1
5303	-2
-5303	2
5403	1
-5403	-1
5503	-2
-5503	2
1011	3
-1011	-3
1021	3
-1021	-3
1012	6
-1012	-6
1022	6
-1022	-6
100	0
101	3
30343	0
-30343	0
30353	3
-30353	-3
30373	0
-30373	0
30383	3
-30383	-3
30363	0
-30363	0
51	0
52	0
53	0
54	3
-51	0
-52	-3
-53	0
-54	-3
55	0
56	3
57	0
58	3
-55	0
-56	-3
-57	0
-58	-3
61	0
62	0
63	0
64	0
65	0
66	0
67	0
