4.181 1.0 0.01
4.182 1.0 0.01
4.183 1.0 0.01
4.184 1.0 0.01
4.185 1.0 0.01
4.186 1.0 0.01
4.187 1.0 0.01
4.188 1.0 0.01
4.189 1.0 0.01
4.19 1.0 0.01
4.191 1.0 0.01
4.192 1.0 0.01
4.193 1.0 0.01
4.194 1.0 0.01
4.195 1.0 0.01
4.196 1.0 0.01
4.197 1.0 0.01
4.198 1.0 0.01
4.199 1.0 0.01
4.2 1.0 0.01
4.201 1.0 0.01
4.202 1.0 0.01
4.203 1.0 0.01
4.204 1.0 0.01
4.205 1.0 0.01
4.206 1.0 0.01
4.207 1.0 0.01
4.208 1.0 0.01
4.209 1.0 0.01
4.21 1.0 0.01
4.211 1.0 0.01
4.212 1.0 0.01
4.213 1.0 0.01
4.214 1.0 0.01
4.215 1.0 0.01
4.216 1.0 0.01
4.217 1.0 0.01
4.218 1.0 0.01
4.219 1.0 0.01
4.22 1.0 0.01
4.221 1.0 0.01
4.222 1.0 0.01
4.223 1.0 0.01
4.224 1.0 0.01
4.225 1.0 0.01
4.226 1.0 0.01
4.227 1.0 0.01
4.228 1.0 0.01
4.229 1.0 0.01
4.23 1.0 0.01
4.231 1.0 0.01
4.232 1.0 0.01
4.233 1.0 0.01
4.234 1.0 0.01
4.235 1.0 0.01
4.236 1.0 0.01
4.237 1.0 0.01
4.238 1.0 0.01
4.239 1.0 0.01
4.24 1.0 0.01
4.241 1.0 0.01
4.242 1.0 0.01
4.243 1.0 0.01
4.244 1.0 0.01
4.245 1.0 0.01
4.246 1.0 0.01
4.247 1.0 0.01
4.248 1.0 0.01
4.249 1.0 0.01
4.25 1.0 0.01
4.251 1.0 0.01
4.252 1.0 0.01
4.253 1.0 0.01
4.254 1.0 0.01
4.255 1.0 0.01
4.256 1.0 0.01
4.257 1.0 0.01
4.258 1.0 0.01
4.259 1.0 0.01
4.26 1.0 0.01
4.261 1.0 0.01
4.262 1.0 0.01
4.263 1.0 0.01
4.264 1.0 0.01
4.265 1.0 0.01
4.266 1.0 0.01
4.267 1.0 0.01
4.268 1.0 0.01
4.269 1.0 0.01
4.27 1.0 0.01
4.271 1.0 0.01
4.272 1.0 0.01
4.273 1.0 0.01
4.274 1.0 0.01
4.275 1.0 0.01
4.276 1.0 0.01
4.277 1.0 0.01
4.278 1.0 0.01
4.279 1.0 0.01
4.28 1.0 0.01
4.281 1.0 0.01
4.282 1.0 0.01
4.283 1.0 0.01
4.284 1.0 0.01
4.285 1.0 0.01
4.286 1.0 0.01
4.287 1.0 0.01
4.288 1.0 0.01
4.289 1.0 0.01
4.29 1.0 0.01
4.291 1.0 0.01
4.292 1.0 0.01
4.293 1.0 0.01
4.294 1.0 0.01
4.295 1.0 0.01
4.296 1.0 0.01
4.297 1.0 0.01
4.298 1.0 0.01
4.299 1.0 0.01
4.3 1.0 0.01
4.301 1.0 0.01
4.302 1.0 0.01
4.303 1.0 0.01
4.304 1.0 0.01
4.305 1.0 0.01
4.306 1.0 0.01
4.307 1.0 0.01
4.308 1.0 0.01
4.309 1.0 0.01
4.31 1.0 0.01
4.311 1.0 0.01
4.312 1.0 0.01
4.313 1.0 0.01
4.314 1.0 0.01
4.315 1.0 0.01
4.316 1.0 0.01
4.317 1.0 0.01
4.318 1.0 0.01
4.319 1.0 0.01
4.32 1.0 0.01
4.321 1.0 0.01
4.322 1.0 0.01
4.323 1.0 0.01
4.324 1.0 0.01
4.325 1.0 0.01
4.326 1.0 0.01
4.327 1.0 0.01
4.328 1.0 0.01
4.329 1.0 0.01
4.33 1.0 0.01
4.331 1.0 0.01
4.332 1.0 0.01
4.333 1.0 0.01
4.334 1.0 0.01
4.335 1.0 0.01
4.336 1.0 0.01
4.337 1.0 0.01
4.338 1.0 0.01
4.339 1.0 0.01
4.34 1.0 0.01
4.341 1.0 0.01
4.342 1.0 0.01
4.343 1.0 0.01
4.344 1.0 0.01
4.345 1.0 0.01
4.346 1.0 0.01
4.347 1.0 0.01
4.348 1.0 0.01
4.349 1.0 0.01
4.35 1.0 0.01
4.351 1.0 0.01
4.352 1.0 0.01
4.353 1.0 0.01
4.354 1.0 0.01
4.355 1.0 0.01
4.356 1.0 0.01
4.357 1.0 0.01
4.358 1.0 0.01
4.359 1.0 0.01
4.36 1.0 0.01
4.361 1.0 0.01
4.362 1.0 0.01
4.363 1.0 0.01
4.364 1.0 0.01
4.365 1.0 0.01
4.366 1.0 0.01
4.367 1.0 0.01
4.368 1.0 0.01
4.369 1.0 0.01
4.37 1.0 0.01
4.371 1.0 0.01
4.372 1.0 0.01
4.373 1.0 0.01
4.374 1.0 0.01
4.375 1.0 0.01
4.376 1.0 0.01
4.377 1.0 0.01
4.378 1.0 0.01
4.379 1.0 0.01
4.38 1.0 0.01
4.381 1.0 0.01
4.382 1.0 0.01
4.383 1.0 0.01
4.384 1.0 0.01
4.385 1.0 0.01
4.386 1.0 0.01
4.387 1.0 0.01
4.388 1.0 0.01
4.389 1.0 0.01
4.39 1.0 0.01
4.391 1.0 0.01
4.392 1.0 0.01
4.393 1.0 0.01
4.394 1.0 0.01
4.395 1.0 0.01
4.396 1.0 0.01
4.397 1.0 0.01
4.398 1.0 0.01
4.399 1.0 0.01
4.4 1.0 0.01
4.401 1.0 0.01
4.402 1.0 0.01
4.403 1.0 0.01
4.404 1.0 0.01
4.405 1.0 0.01
4.406 1.0 0.01
4.407 1.0 0.01
4.408 1.0 0.01
4.409 1.0 0.01
4.41 1.0 0.01
4.411 1.0 0.01
4.412 1.0 0.01
4.413 1.0 0.01
4.414 1.0 0.01
4.415 1.0 0.01
4.416 1.0 0.01
4.417 1.0 0.01
4.418 1.0 0.01
4.419 1.0 0.01
4.42 1.0 0.01
4.421 1.0 0.01
4.422 1.0 0.01
4.423 1.0 0.01
4.424 1.0 0.01
4.425 1.0 0.01
4.426 1.0 0.01
4.427 1.0 0.01
4.428 1.0 0.01
4.429 1.0 0.01
4.43 1.0 0.01
4.431 1.0 0.01
4.432 1.0 0.01
4.433 1.0 0.01
4.434 1.0 0.01
4.435 1.0 0.01
4.436 1.0 0.01
4.437 1.0 0.01
4.438 1.0 0.01
4.439 1.0 0.01
4.44 1.0 0.01
4.441 1.0 0.01
4.442 1.0 0.01
4.443 1.0 0.01
4.444 1.0 0.01
4.445 1.0 0.01
4.446 1.0 0.01
4.447 1.0 0.01
4.448 1.0 0.01
4.449 1.0 0.01
4.45 1.0 0.01
4.451 1.0 0.01
4.452 1.0 0.01
4.453 1.0 0.01
4.454 1.0 0.01
4.455 1.0 0.01
4.456 1.0 0.01
4.457 1.0 0.01
4.458 1.0 0.01
4.459 1.0 0.01
4.46 1.0 0.01
4.461 1.0 0.01
4.462 1.0 0.01
4.463 1.0 0.01
4.464 1.0 0.01
4.465 1.0 0.01
4.466 1.0 0.01
4.467 1.0 0.01
4.468 1.0 0.01
4.469 1.0 0.01
4.47 1.0 0.01
4.471 1.0 0.01
4.472 1.0 0.01
4.473 1.0 0.01
4.474 1.0 0.01
4.475 1.0 0.01
4.476 1.0 0.01
4.477 1.0 0.01
4.478 1.0 0.01
4.479 1.0 0.01
4.48 1.0 0.01
4.481 1.0 0.01
4.482 1.0 0.01
4.483 1.0 0.01
4.484 1.0 0.01
4.485 1.0 0.01
4.486 1.0 0.01
4.487 1.0 0.01
4.488 1.0 0.01
4.489 1.0 0.01
4.49 1.0 0.01
4.491 1.0 0.01
4.492 1.0 0.01
4.493 1.0 0.01
4.494 1.0 0.01
4.495 1.0 0.01
4.496 1.0 0.01
4.497 1.0 0.01
4.498 1.0 0.01
4.499 1.0 0.01
4.5 1.0 0.01
4.501 1.0 0.01
4.502 1.0 0.01
4.503 1.0 0.01
4.504 1.0 0.01
4.505 1.0 0.01
4.506 1.0 0.01
4.507 1.0 0.01
4.508 1.0 0.01
4.509 1.0 0.01
4.51 1.0 0.01
4.511 1.0 0.01
4.512 1.0 0.01
4.513 1.0 0.01
4.514 1.0 0.01
4.515 1.0 0.01
4.516 1.0 0.01
4.517 1.0 0.01
4.518 1.0 0.01
4.519 1.0 0.01
4.52 1.0 0.01
4.521 1.0 0.01
4.522 1.0 0.01
4.523 1.0 0.01
4.524 1.0 0.01
4.525 1.0 0.01
4.526 1.0 0.01
4.527 1.0 0.01
4.528 1.0 0.01
4.529 1.0 0.01
4.53 1.0 0.01
4.531 1.0 0.01
4.532 1.0 0.01
4.533 1.0 0.01
4.534 1.0 0.01
4.535 1.0 0.01
4.536 1.0 0.01
4.537 1.0 0.01
4.538 1.0 0.01
4.539 1.0 0.01
4.54 1.0 0.01
4.541 1.0 0.01
4.542 1.0 0.01
4.543 1.0 0.01
4.544 1.0 0.01
4.545 1.0 0.01
4.546 1.0 0.01
4.547 1.0 0.01
4.548 1.0 0.01
4.549 1.0 0.01
4.55 1.0 0.01
4.551 1.0 0.01
4.552 1.0 0.01
4.553 1.0 0.01
4.554 1.0 0.01
4.555 1.0 0.01
4.556 1.0 0.01
4.557 1.0 0.01
4.558 1.0 0.01
4.559 1.0 0.01
4.56 1.0 0.01
4.561 1.0 0.01
4.562 1.0 0.01
4.563 1.0 0.01
4.564 1.0 0.01
4.565 1.0 0.01
4.566 1.0 0.01
4.567 1.0 0.01
4.568 1.0 0.01
4.569 1.0 0.01
4.57 1.0 0.01
4.571 1.0 0.01
4.572 1.0 0.01
4.573 1.0 0.01
4.574 1.0 0.01
4.575 1.0 0.01
4.576 1.0 0.01
4.577 1.0 0.01
4.578 1.0 0.01
4.579 1.0 0.01
4.58 1.0 0.01
4.581 1.0 0.01
4.582 1.0 0.01
4.583 1.0 0.01
4.584 1.0 0.01
4.585 1.0 0.01
4.586 1.0 0.01
4.587 1.0 0.01
4.588 1.0 0.01
4.589 1.0 0.01
4.59 1.0 0.01
4.591 1.0 0.01
4.592 1.0 0.01
4.593 1.0 0.01
4.594 1.0 0.01
4.595 1.0 0.01
4.596 1.0 0.01
4.597 1.0 0.01
4.598 1.0 0.01
4.599 1.0 0.01
4.6 1.0 0.01
4.601 1.0 0.01
4.602 1.0 0.01
4.603 1.0 0.01
4.604 1.0 0.01
4.605 1.0 0.01
4.606 1.0 0.01
4.607 1.0 0.01
4.608 1.0 0.01
4.609 1.0 0.01
4.61 1.0 0.01
4.611 1.0 0.01
4.612 1.0 0.01
4.613 1.0 0.01
4.614 1.0 0.01
4.615 1.0 0.01
4.616 1.0 0.01
4.617 1.0 0.01
4.618 1.0 0.01
4.619 1.0 0.01
4.62 1.0 0.01
4.621 1.0 0.01
4.622 1.0 0.01
4.623 1.0 0.01
4.624 1.0 0.01
4.625 1.0 0.01
4.626 1.0 0.01
4.627 1.0 0.01
4.628 1.0 0.01
4.629 1.0 0.01
4.63 1.0 0.01
4.631 1.0 0.01
4.632 1.0 0.01
4.633 1.0 0.01
4.634 1.0 0.01
4.635 1.0 0.01
4.636 1.0 0.01
4.637 1.0 0.01
4.638 1.0 0.01
4.639 1.0 0.01
4.64 1.0 0.01
4.641 1.0 0.01
4.642 1.0 0.01
4.643 1.0 0.01
4.644 1.0 0.01
4.645 1.0 0.01
4.646 1.0 0.01
4.647 1.0 0.01
4.648 1.0 0.01
4.649 1.0 0.01
4.65 1.0 0.01
4.651 1.0 0.01
4.652 1.0 0.01
4.653 1.0 0.01
4.654 1.0 0.01
4.655 1.0 0.01
4.656 1.0 0.01
4.657 1.0 0.01
4.658 1.0 0.01
4.659 1.0 0.01
4.66 1.0 0.01
4.661 1.0 0.01
4.662 1.0 0.01
4.663 1.0 0.01
4.664 1.0 0.01
4.665 1.0 0.01
4.666 1.0 0.01
4.667 1.0 0.01
4.668 1.0 0.01
4.669 1.0 0.01
4.67 1.0 0.01
4.671 1.0 0.01
4.672 1.0 0.01
4.673 1.0 0.01
4.674 1.0 0.01
4.675 1.0 0.01
4.676 1.0 0.01
4.677 1.0 0.01
4.678 1.0 0.01
4.679 1.0 0.01
4.68 1.0 0.01
4.681 1.0 0.01
4.682 1.0 0.01
4.683 1.0 0.01
4.684 1.0 0.01
4.685 1.0 0.01
4.686 1.0 0.01
4.687 1.0 0.01
4.688 1.0 0.01
4.689 1.0 0.01
4.69 1.0 0.01
4.691 1.0 0.01
4.692 1.0 0.01
4.693 1.0 0.01
4.694 1.0 0.01
4.695 1.0 0.01
4.696 1.0 0.01
4.697 1.0 0.01
4.698 1.0 0.01
4.699 1.0 0.01
4.7 1.0 0.01
4.701 1.0 0.01
4.702 1.0 0.01
4.703 1.0 0.01
4.704 1.0 0.01
4.705 1.0 0.01
4.706 1.0 0.01
4.707 1.0 0.01
4.708 1.0 0.01
4.709 1.0 0.01
4.71 1.0 0.01
4.711 1.0 0.01
4.712 1.0 0.01
4.713 1.0 0.01
4.714 1.0 0.01
4.715 1.0 0.01
4.716 1.0 0.01
4.717 1.0 0.01
4.718 1.0 0.01
4.719 1.0 0.01
4.72 1.0 0.01
