4290-Rscan;34729;34739;4290.0;9.142
4300-Rscan;34740;34753;4300.0;8.568
4310-Rscan;34754;34762;4310.0;9.125
4320-Rscan;34763;34776;4320.0;9.502
4330-Rscan;34777;34784;4330.0;8.805
4340-Rscan;34785;34793;4340.0;8.857
4350-Rscan;34794;34803;4350.0;8.721
4360-Rscan;34804;34811;4360.0;8.223
4370-Rscan;34812;34824;4370.0;8.690
4380-Rscan;34825;34836;4380.0;8.365
4390-Rscan;34837;34847;4390.0;7.661
4395-Rscan;34848;34860;4395.0;7.964
4400-Rscan;34861;34868;4400.0;7.342
4410-Rscan;34869;34881;4410.0;7.186
4420-Rscan;34883;34890;4420.0;7.707
4425-Rscan;34891;34899;4425.0;7.606
4430-Rscan;34901;34912;4430.0;6.962
4440-Rscan;34913;34925;4440.0;7.813
4450-Rscan;34926;34935;4450.0;7.859
4460-Rscan;34937;34946;4460.0;8.961
4480-Rscan;34947;34957;4480.0;8.387
4500-Rscan;34958;34967;4500.0;8.243
4520-Rscan;34968;34981;4520.0;8.949
4540-Rscan;34982;35009;4540.0;9.657
4550-Rscan;35010;35026;4550.0;9.053
4560-Rscan;35027;35040;4560.0;8.588
4570-Rscan;35041;35059;4570.0;8.693
4580-Rscan;35060;35081;4580.0;8.837
4590-Rscan;35099;35116;4590.0;8.495
