4050-Rscan;34328;34335;4050.0;6.65189
4055-Rscan;34339;34345;4055.0;6.62796
4060-Rscan;34346;34350;4060.0;6.05369
4065-Rscan;34351;34358;4065.0;6.696358
4070-Rscan;34359;34367;4070.0;6.94696
4080-Rscan;34368;34373;4080.0;7.37402
4090-Rscan;34373;34381;4090.0;7.26711
4100-Rscan;34382;34389;4100.0;7.02248
4110-Rscan;34390;34396;4110.0;6.85179
4120-Rscan;34397;34403;4120.0;7.35515
4130-Rscan;34404;34411;4130.0;6.92098
4140-Rscan;34412;34417;4140.0;6.98765
4145-Rscan;34418;34427;4145.0;7.52867
4150-Rscan;34428;34436;4150.0;7.36643
4160-Rscan;34437;34446;4160.0;7.61531
4170-Rscan;34447;34460;4170.0;17.37493
4180-Rscan;34478;34485;4180.0;7.06895
4190-Rscan;34486;34493;4190.0;7.28014
4195-Rscan;34494;34502;4195.0;7.23059
4200-Rscan;34503;34511;4200.0;7.33031
4203-Rscan;34512;34526;4203.0;6.57229
4206-Rscan;34530;34540;4206.0;7.37100
4210-Rscan;34541;34554;4210.0;7.44197
4215-Rscan;34555;34563;4215.0;7.51184
4220-Rscan;34564;34573;4220.0;7.62973
4225-Rscan;34574;34584;4225.0;8.305
4230-Rscan;34585;34592;4230.0;8.310
4235-Rscan;34593;34601;4235.0;8.416
4240-Rscan;34603;34612;4240.0;8.713
4243-Rscan;34613;34622;4243.0;8.703
4245-Rscan;34623;34633;4245.0;8.591
4248-Rscan;34634;34641;4248.0;8.698
4250-Rscan;34642;34651;4250.0;8.747
4255-Rscan;34652;34660;4255.0;8.794
4260-Rscan;34661;34673;4260.0;8.990
4265-Rscan;34674;34684;4265.0;8.770
4270-Rscan;34685;34694;4270.0;8.724
4275-Rscan;34695;34704;4275.0;8.712
4280-Rscan;34705;34718;4280.0;8.884
4285-Rscan;34719;34728;4285.0;8.711
4290-Rscan;34729;34739;4290.0;9.142
4300-Rscan;34740;34753;4300.0;8.568
4310-Rscan;34754;34762;4310.0;9.125
4320-Rscan;34763;34776;4320.0;9.502
4330-Rscan;34777;34784;4330.0;8.805
4340-Rscan;34785;34793;4340.0;8.857
4350-Rscan;34794;34803;4350.0;8.721
4360-Rscan;34804;34811;4360.0;8.223
4370-Rscan;34812;34824;4370.0;8.690
4380-Rscan;34825;34836;4380.0;8.365
4390-Rscan;34837;34847;4390.0;7.661
4395-Rscan;34848;34860;4395.0;7.964
4400-Rscan;34861;34868;4400.0;7.342
4410-Rscan;34869;34881;4410.0;7.186
4420-Rscan;34883;34890;4420.0;7.707
4425-Rscan;34891;34899;4425.0;7.606
4430-Rscan;34901;34912;4430.0;6.962
4440-Rscan;34913;34925;4440.0;7.813
4450-Rscan;34926;34935;4450.0;7.859
4460-Rscan;34937;34946;4460.0;8.961
4480-Rscan;34947;34957;4480.0;8.387
4500-Rscan;34958;34967;4500.0;8.243
4520-Rscan;34968;34981;4520.0;8.949
4540-Rscan;34982;35009;4540.0;9.657
4550-Rscan;35010;35026;4550.0;9.053
4560-Rscan;35027;35040;4560.0;8.588
4570-Rscan;35041;35059;4570.0;8.693
4580-Rscan;35060;35081;4580.0;8.837
4590-Rscan;35099;35116;4590.0;8.495
